 degree:2
 order:11
[ 2, 2, 2, 2, 2 ][ 1, 0, 0, 0, 0, 1, 0, 0, 1, 1 ]

minimal polynomial:[ x-2, x^5+x^4-4*x^3-3*x^2+3*x+1 ]
 Galois type:1

 minimal polynomial of other basis elements:
 x^6-x^5-6*x^4+5*x^3+9*x^2-5*x-2
x^6-x^5-6*x^4+5*x^3+9*x^2-5*x-2
x^6-x^5-6*x^4+5*x^3+9*x^2-5*x-2
x^6-x^5-6*x^4+5*x^3+9*x^2-5*x-2

 SITA:
[ [ [ 1, 0, 0, 0, 0, 0 ], [ 0, 1, 0, 0, 0, 0 ], [ 0, 0, 1, 0, 0, 0 ], [ 0, 0, 0, 1, 0, 0 ], [ 0, 0, 0, 0, 1, 0 ], [ 0, 0, 0, 0, 0, 1 ] ], 
  [ [ 0, 2, 0, 0, 0, 0 ], [ 1, 0, 1, 0, 0, 0 ], [ 0, 1, 0, 0, 1, 0 ], [ 0, 0, 0, 1, 0, 1 ], [ 0, 0, 1, 0, 0, 1 ], [ 0, 0, 0, 1, 1, 0 ] ], 
  [ [ 0, 0, 2, 0, 0, 0 ], [ 0, 1, 0, 0, 1, 0 ], [ 1, 0, 0, 0, 0, 1 ], [ 0, 0, 0, 0, 1, 1 ], [ 0, 1, 0, 1, 0, 0 ], [ 0, 0, 1, 1, 0, 0 ] ], 
  [ [ 0, 0, 0, 2, 0, 0 ], [ 0, 0, 0, 1, 0, 1 ], [ 0, 0, 0, 0, 1, 1 ], [ 1, 1, 0, 0, 0, 0 ], [ 0, 0, 1, 0, 1, 0 ], [ 0, 1, 1, 0, 0, 0 ] ], 
  [ [ 0, 0, 0, 0, 2, 0 ], [ 0, 0, 1, 0, 0, 1 ], [ 0, 1, 0, 1, 0, 0 ], [ 0, 0, 1, 0, 1, 0 ], [ 1, 0, 0, 1, 0, 0 ], [ 0, 1, 0, 0, 0, 1 ] ], 
  [ [ 0, 0, 0, 0, 0, 2 ], [ 0, 0, 0, 1, 1, 0 ], [ 0, 0, 1, 1, 0, 0 ], [ 0, 1, 1, 0, 0, 0 ], [ 0, 1, 0, 0, 0, 1 ], [ 1, 0, 0, 0, 1, 0 ] ] ]


 P-polynomial



 Q-polynomial


