 degree:6
 order:35
[ 6, 12, 2, 2, 12 ][ 2, 0, 0, 0, 0, 6, 2, 0, 1, 0 ]

minimal polynomial:[ x-6, x+1, x^4-17*x^2+36 ]2
[ x-12, x+2, x^4-5*x^3-13*x^2+30*x+36 ]
[ x-2, x^2+x-1 ]
[ x-2, x^2+x-1 ]
[ x-12, x+2, x^4+5*x^3-13*x^2-30*x+36 ]

 SITA:
[ [ [ 1, 0, 0, 0, 0, 0 ], [ 0, 1, 0, 0, 0, 0 ], [ 0, 0, 1, 0, 0, 0 ], [ 0, 0, 0, 1, 0, 0 ],
      [ 0, 0, 0, 0, 1, 0 ], [ 0, 0, 0, 0, 0, 1 ] ],
  [ [ 0, 6, 0, 0, 0, 0 ], [ 1, 1, 4, 0, 0, 0 ], [ 0, 2, 1, 0, 1, 2 ], [ 0, 0, 0, 0, 0, 6 ],
      [ 0, 0, 6, 0, 0, 0 ], [ 0, 0, 2, 1, 0, 3 ] ],
  [ [ 0, 0, 12, 0, 0, 0 ], [ 0, 4, 2, 0, 2, 4 ], [ 1, 1, 6, 1, 0, 3 ], [ 0, 0, 6, 0, 0, 6 ],
      [ 0, 6, 0, 0, 0, 6 ], [ 0, 2, 3, 1, 1, 5 ] ],
  [ [ 0, 0, 0, 2, 0, 0 ], [ 0, 0, 0, 0, 0, 2 ], [ 0, 0, 1, 0, 0, 1 ], [ 1, 0, 0, 0, 1, 0 ],
      [ 0, 0, 0, 1, 1, 0 ], [ 0, 1, 1, 0, 0, 0 ] ],
  [ [ 0, 0, 0, 0, 2, 0 ], [ 0, 0, 2, 0, 0, 0 ], [ 0, 1, 0, 0, 0, 1 ], [ 0, 0, 0, 1, 1, 0 ],
      [ 1, 0, 0, 1, 0, 0 ], [ 0, 0, 1, 0, 0, 1 ] ],
  [ [ 0, 0, 0, 0, 0, 12 ], [ 0, 0, 4, 2, 0, 6 ], [ 0, 2, 3, 1, 1, 5 ], [ 0, 6, 6, 0, 0, 0 ],
      [ 0, 0, 6, 0, 0, 6 ], [ 1, 3, 5, 0, 1, 2 ] ] ]