 degree:6
 order:70
[ 6, 30, 4, 5, 24 ][ 1, 0, 0, 0, 0, 6, 5, 0, 1, 0 ]
minimal polynomial:[ x-6, x-1, x+1, x+6, x^2-6 ]1
[ x-30, x, x+5 ]
[ x-4, x+1 ]
[ x-5, x, x+5 ]
[ x-24, x-4, x+4, x+24, x^2-6 ]
 SITA:
[ [ [ 1, 0, 0, 0, 0, 0 ], [ 0, 1, 0, 0, 0, 0 ], [ 0, 0, 1, 0, 0, 0 ], [ 0, 0, 0, 1, 0, 0 ],
      [ 0, 0, 0, 0, 1, 0 ], [ 0, 0, 0, 0, 0, 1 ] ],
  [ [ 0, 6, 0, 0, 0, 0 ], [ 1, 0, 5, 0, 0, 0 ], [ 0, 1, 0, 0, 1, 4 ], [ 0, 0, 0, 0, 0, 6 ],
      [ 0, 0, 6, 0, 0, 0 ], [ 0, 0, 5, 1, 0, 0 ] ],
  [ [ 0, 0, 30, 0, 0, 0 ], [ 0, 5, 0, 0, 5, 20 ], [ 1, 0, 25, 4, 0, 0 ], [ 0, 0, 30, 0, 0, 0 ],
      [ 0, 6, 0, 0, 0, 24 ], [ 0, 5, 0, 0, 5, 20 ] ],
  [ [ 0, 0, 0, 4, 0, 0 ], [ 0, 0, 0, 0, 0, 4 ], [ 0, 0, 4, 0, 0, 0 ], [ 1, 0, 0, 3, 0, 0 ],
      [ 0, 0, 0, 0, 4, 0 ], [ 0, 1, 0, 0, 0, 3 ] ],
  [ [ 0, 0, 0, 0, 5, 0 ], [ 0, 0, 5, 0, 0, 0 ], [ 0, 1, 0, 0, 0, 4 ], [ 0, 0, 0, 0, 5, 0 ],
      [ 1, 0, 0, 4, 0, 0 ], [ 0, 0, 5, 0, 0, 0 ] ],
  [ [ 0, 0, 0, 0, 0, 24 ], [ 0, 0, 20, 4, 0, 0 ], [ 0, 4, 0, 0, 4, 16 ], [ 0, 6, 0, 0, 0, 18 ],
      [ 0, 0, 24, 0, 0, 0 ], [ 1, 0, 20, 3, 0, 0 ] ] ]