 degree:6
 order:68
[ 6, 30, 3, 10, 18 ][ 1, 0, 0, 0, 0, 6, 5, 0, 1, 0 ] 

minimal polynomial:[ x-6, x+6, x^2-6, x^2-2 ]1
[ x-30, x, x+4 ]
[ x-3, x+1 ]
[ x-10, x, x+10, x^2-32 ]
[ x-18, x+18, x^2-18, x^2-6 ]

 SITA:
[ [ [ 1, 0, 0, 0, 0, 0 ], [ 0, 1, 0, 0, 0, 0 ], [ 0, 0, 1, 0, 0, 0 ], [ 0, 0, 0, 1, 0, 0 ],
      [ 0, 0, 0, 0, 1, 0 ], [ 0, 0, 0, 0, 0, 1 ] ],
  [ [ 0, 6, 0, 0, 0, 0 ], [ 1, 0, 5, 0, 0, 0 ], [ 0, 1, 0, 0, 2, 3 ], [ 0, 0, 0, 0, 0, 6 ],
      [ 0, 0, 6, 0, 0, 0 ], [ 0, 0, 5, 1, 0, 0 ] ],
  [ [ 0, 0, 30, 0, 0, 0 ], [ 0, 5, 0, 0, 10, 15 ], [ 1, 0, 26, 3, 0, 0 ], [ 0, 0, 30, 0, 0, 0 ],
      [ 0, 6, 0, 0, 6, 18 ], [ 0, 5, 0, 0, 10, 15 ] ],
  [ [ 0, 0, 0, 3, 0, 0 ], [ 0, 0, 0, 0, 0, 3 ], [ 0, 0, 3, 0, 0, 0 ], [ 1, 0, 0, 2, 0, 0 ],
      [ 0, 0, 0, 0, 3, 0 ], [ 0, 1, 0, 0, 0, 2 ] ],
  [ [ 0, 0, 0, 0, 10, 0 ], [ 0, 0, 10, 0, 0, 0 ], [ 0, 2, 0, 0, 2, 6 ], [ 0, 0, 0, 0, 10, 0 ],
      [ 1, 0, 6, 3, 0, 0 ], [ 0, 0, 10, 0, 0, 0 ] ],
  [ [ 0, 0, 0, 0, 0, 18 ], [ 0, 0, 15, 3, 0, 0 ], [ 0, 3, 0, 0, 6, 9 ], [ 0, 6, 0, 0, 0, 12 ],
      [ 0, 0, 18, 0, 0, 0 ], [ 1, 0, 15, 2, 0, 0 ] ] ]