 degree:6
 order:55
[ 6, 12, 12, 12, 12 ][ 1, 1, 0, 0, 1, 2, 0, 2, 2, 2 ]

minimal polynomial:[ x-6, x+3, x^2-2*x-4, x^2-3 ]1
[ x-12, x-2, x^2+8*x+13 ]
[ x-12, x-4, x-1, x^2+6*x+4 ]
[ x-12, x+4, x^2-4*x-8, x^2+x-1 ]
[ x-12, x, x^2-12, x^2+x-11 ]

 SITA:
[ [ [ 1, 0, 0, 0, 0, 0 ], [ 0, 1, 0, 0, 0, 0 ], [ 0, 0, 1, 0, 0, 0 ], [ 0, 0, 0, 1, 0, 0 ],
      [ 0, 0, 0, 0, 1, 0 ], [ 0, 0, 0, 0, 0, 1 ] ],
  [ [ 0, 6, 0, 0, 0, 0 ], [ 1, 1, 2, 2, 0, 0 ], [ 0, 1, 2, 1, 2, 0 ], [ 0, 1, 1, 0, 2, 2 ],
      [ 0, 0, 2, 2, 0, 2 ], [ 0, 0, 0, 2, 2, 2 ] ],
  [ [ 0, 0, 12, 0, 0, 0 ], [ 0, 2, 4, 2, 4, 0 ], [ 1, 2, 0, 3, 2, 4 ], [ 0, 1, 3, 4, 2, 2 ],
      [ 0, 2, 2, 2, 2, 4 ], [ 0, 0, 4, 2, 4, 2 ] ],
  [ [ 0, 0, 0, 12, 0, 0 ], [ 0, 2, 2, 0, 4, 4 ], [ 0, 1, 3, 4, 2, 2 ], [ 1, 0, 4, 1, 2, 4 ],
      [ 0, 2, 2, 2, 4, 2 ], [ 0, 2, 2, 4, 2, 2 ] ],
  [ [ 0, 0, 0, 0, 12, 0 ], [ 0, 0, 4, 4, 0, 4 ], [ 0, 2, 2, 2, 2, 4 ], [ 0, 2, 2, 2, 4, 2 ],
      [ 1, 0, 2, 4, 4, 1 ], [ 0, 2, 4, 2, 1, 3 ] ],
  [ [ 0, 0, 0, 0, 0, 12 ], [ 0, 0, 0, 4, 4, 4 ], [ 0, 0, 4, 2, 4, 2 ], [ 0, 2, 2, 4, 2, 2 ],
      [ 0, 2, 4, 2, 1, 3 ], [ 1, 2, 2, 2, 3, 2 ] ] ]