 degree:7
 order:96
[ 7, 42, 5, 6, 35 ][ 1, 0, 0, 0, 0, 7, 6, 0, 1, 0 ] 

minimal polynomial:[ x-7, x-1, x+1, x+7, x^2-7 ]1
[ x-42, x, x+6 ]
[ x-5, x+1 ]
[ x-6, x, x+6 ]
[ x-35, x-5, x+5, x+35, x^2-7 ]

 SITA:
[ [ [ 1, 0, 0, 0, 0, 0 ], [ 0, 1, 0, 0, 0, 0 ], [ 0, 0, 1, 0, 0, 0 ], [ 0, 0, 0, 1, 0, 0 ],
      [ 0, 0, 0, 0, 1, 0 ], [ 0, 0, 0, 0, 0, 1 ] ],
  [ [ 0, 7, 0, 0, 0, 0 ], [ 1, 0, 6, 0, 0, 0 ], [ 0, 1, 0, 0, 1, 5 ], [ 0, 0, 0, 0, 0, 7 ],
      [ 0, 0, 7, 0, 0, 0 ], [ 0, 0, 6, 1, 0, 0 ] ],
  [ [ 0, 0, 42, 0, 0, 0 ], [ 0, 6, 0, 0, 6, 30 ], [ 1, 0, 36, 5, 0, 0 ], [ 0, 0, 42, 0, 0, 0 ],
      [ 0, 7, 0, 0, 0, 35 ], [ 0, 6, 0, 0, 6, 30 ] ],
  [ [ 0, 0, 0, 5, 0, 0 ], [ 0, 0, 0, 0, 0, 5 ], [ 0, 0, 5, 0, 0, 0 ], [ 1, 0, 0, 4, 0, 0 ],
      [ 0, 0, 0, 0, 5, 0 ], [ 0, 1, 0, 0, 0, 4 ] ],
  [ [ 0, 0, 0, 0, 6, 0 ], [ 0, 0, 6, 0, 0, 0 ], [ 0, 1, 0, 0, 0, 5 ], [ 0, 0, 0, 0, 6, 0 ],
      [ 1, 0, 0, 5, 0, 0 ], [ 0, 0, 6, 0, 0, 0 ] ],
  [ [ 0, 0, 0, 0, 0, 35 ], [ 0, 0, 30, 5, 0, 0 ], [ 0, 5, 0, 0, 5, 25 ], [ 0, 7, 0, 0, 0, 28 ],
      [ 0, 0, 35, 0, 0, 0 ], [ 1, 0, 30, 4, 0, 0 ] ] ]