 degree:7
 order:48
[ 7, 21, 2, 3, 14 ][ 2, 0, 0, 0, 0, 7, 6, 0, 1, 0 ]

minimal polynomial:[ x-7, x-1, x+1, x+7, x^2-7 ]1
[ x-21, x, x+3 ]
[ x-2, x+1 ]
[ x-3, x, x+3 ]
[ x-14, x-2, x+2, x+14, x^2-7 ]

 SITA:
[ [ [ 1, 0, 0, 0, 0, 0 ], [ 0, 1, 0, 0, 0, 0 ], [ 0, 0, 1, 0, 0, 0 ], [ 0, 0, 0, 1, 0, 0 ],
      [ 0, 0, 0, 0, 1, 0 ], [ 0, 0, 0, 0, 0, 1 ] ],
  [ [ 0, 7, 0, 0, 0, 0 ], [ 1, 0, 6, 0, 0, 0 ], [ 0, 2, 0, 0, 1, 4 ], [ 0, 0, 0, 0, 0, 7 ],
      [ 0, 0, 7, 0, 0, 0 ], [ 0, 0, 6, 1, 0, 0 ] ],
  [ [ 0, 0, 21, 0, 0, 0 ], [ 0, 6, 0, 0, 3, 12 ], [ 1, 0, 18, 2, 0, 0 ], [ 0, 0, 21, 0, 0, 0 ],
      [ 0, 7, 0, 0, 0, 14 ], [ 0, 6, 0, 0, 3, 12 ] ],
  [ [ 0, 0, 0, 2, 0, 0 ], [ 0, 0, 0, 0, 0, 2 ], [ 0, 0, 2, 0, 0, 0 ], [ 1, 0, 0, 1, 0, 0 ],
      [ 0, 0, 0, 0, 2, 0 ], [ 0, 1, 0, 0, 0, 1 ] ],
  [ [ 0, 0, 0, 0, 3, 0 ], [ 0, 0, 3, 0, 0, 0 ], [ 0, 1, 0, 0, 0, 2 ], [ 0, 0, 0, 0, 3, 0 ],
      [ 1, 0, 0, 2, 0, 0 ], [ 0, 0, 3, 0, 0, 0 ] ],
  [ [ 0, 0, 0, 0, 0, 14 ], [ 0, 0, 12, 2, 0, 0 ], [ 0, 4, 0, 0, 2, 8 ], [ 0, 7, 0, 0, 0, 7 ],
      [ 0, 0, 14, 0, 0, 0 ], [ 1, 0, 12, 1, 0, 0 ] ] ]