 degree:5
 order:48
[ 5, 20, 3, 4, 15 ][ 1, 0, 0, 0, 0, 5, 4, 0, 1, 0 ]

minimal polynomial:[ x-5, x-1, x+1, x+5, x^2-5 ]1
[ x-20, x, x+4 ]
[ x-3, x+1 ]
[ x-4, x, x+4 ]
[ x-15, x-3, x+3, x+15, x^2-5 ]

 SITA:
[ [ [ 1, 0, 0, 0, 0, 0 ], [ 0, 1, 0, 0, 0, 0 ], [ 0, 0, 1, 0, 0, 0 ], [ 0, 0, 0, 1, 0, 0 ],
      [ 0, 0, 0, 0, 1, 0 ], [ 0, 0, 0, 0, 0, 1 ] ],
  [ [ 0, 5, 0, 0, 0, 0 ], [ 1, 0, 4, 0, 0, 0 ], [ 0, 1, 0, 0, 1, 3 ], [ 0, 0, 0, 0, 0, 5 ],
      [ 0, 0, 5, 0, 0, 0 ], [ 0, 0, 4, 1, 0, 0 ] ],
  [ [ 0, 0, 20, 0, 0, 0 ], [ 0, 4, 0, 0, 4, 12 ], [ 1, 0, 16, 3, 0, 0 ], [ 0, 0, 20, 0, 0, 0 ],
      [ 0, 5, 0, 0, 0, 15 ], [ 0, 4, 0, 0, 4, 12 ] ],
  [ [ 0, 0, 0, 3, 0, 0 ], [ 0, 0, 0, 0, 0, 3 ], [ 0, 0, 3, 0, 0, 0 ], [ 1, 0, 0, 2, 0, 0 ],
      [ 0, 0, 0, 0, 3, 0 ], [ 0, 1, 0, 0, 0, 2 ] ],
  [ [ 0, 0, 0, 0, 4, 0 ], [ 0, 0, 4, 0, 0, 0 ], [ 0, 1, 0, 0, 0, 3 ], [ 0, 0, 0, 0, 4, 0 ],
      [ 1, 0, 0, 3, 0, 0 ], [ 0, 0, 4, 0, 0, 0 ] ],
  [ [ 0, 0, 0, 0, 0, 15 ], [ 0, 0, 12, 3, 0, 0 ], [ 0, 3, 0, 0, 3, 9 ], [ 0, 5, 0, 0, 0, 10 ],
      [ 0, 0, 15, 0, 0, 0 ], [ 1, 0, 12, 2, 0, 0 ] ] ]

