 degree:7
 order:92
[ 7, 42, 3, 18, 21 ][ 1, 0, 0, 0, 0, 7, 6, 0, 1, 0 ] 

minimal polynomial:[ x-7, x+7, x^2-7, x^2-3 ]1
[ x-42, x, x+4 ]
[ x-3, x+1 ]
[ x-18, x, x+18, x^2-48 ]
[ x-21, x+21, x^2-27, x^2-7 ]

 SITA:
[ [ [ 1, 0, 0, 0, 0, 0 ], [ 0, 1, 0, 0, 0, 0 ], [ 0, 0, 1, 0, 0, 0 ], [ 0, 0, 0, 1, 0, 0 ],
      [ 0, 0, 0, 0, 1, 0 ], [ 0, 0, 0, 0, 0, 1 ] ],
  [ [ 0, 7, 0, 0, 0, 0 ], [ 1, 0, 6, 0, 0, 0 ], [ 0, 1, 0, 0, 3, 3 ], [ 0, 0, 0, 0, 0, 7 ],
      [ 0, 0, 7, 0, 0, 0 ], [ 0, 0, 6, 1, 0, 0 ] ],
  [ [ 0, 0, 42, 0, 0, 0 ], [ 0, 6, 0, 0, 18, 18 ], [ 1, 0, 38, 3, 0, 0 ], [ 0, 0, 42, 0, 0, 0 ],
      [ 0, 7, 0, 0, 14, 21 ], [ 0, 6, 0, 0, 18, 18 ] ],
  [ [ 0, 0, 0, 3, 0, 0 ], [ 0, 0, 0, 0, 0, 3 ], [ 0, 0, 3, 0, 0, 0 ], [ 1, 0, 0, 2, 0, 0 ],
      [ 0, 0, 0, 0, 3, 0 ], [ 0, 1, 0, 0, 0, 2 ] ],
  [ [ 0, 0, 0, 0, 18, 0 ], [ 0, 0, 18, 0, 0, 0 ], [ 0, 3, 0, 0, 6, 9 ], [ 0, 0, 0, 0, 18, 0 ],
      [ 1, 0, 14, 3, 0, 0 ], [ 0, 0, 18, 0, 0, 0 ] ],
  [ [ 0, 0, 0, 0, 0, 21 ], [ 0, 0, 18, 3, 0, 0 ], [ 0, 3, 0, 0, 9, 9 ], [ 0, 7, 0, 0, 0, 14 ],
      [ 0, 0, 21, 0, 0, 0 ], [ 1, 0, 18, 2, 0, 0 ] ] ]