 degree:4
 order:55
[ 4, 12, 6, 8, 24 ][ 1, 0, 0, 0, 0, 0, 1, 0, 1, 1 ]

minimal polynomial:[ x-4, x+2, x^2-3*x+1, x^2+2*x-2 ]1
[ x-12, x, x^2-12, x^2+x-11 ]
[ x-6, x+3, x^2-2*x-4, x^2-3 ]
[ x-8, x+2, x^2-6*x+6 ]
[ x-24, x-6, x^2+2*x-4, x^2+6*x+6 ]

 SITA:
[ [ [ 1, 0, 0, 0, 0, 0 ], [ 0, 1, 0, 0, 0, 0 ], [ 0, 0, 1, 0, 0, 0 ], [ 0, 0, 0, 1, 0, 0 ],
      [ 0, 0, 0, 0, 1, 0 ], [ 0, 0, 0, 0, 0, 1 ] ],
  [ [ 0, 4, 0, 0, 0, 0 ], [ 1, 0, 3, 0, 0, 0 ], [ 0, 1, 1, 0, 0, 2 ], [ 0, 0, 0, 0, 0, 4 ],
      [ 0, 0, 0, 0, 1, 3 ], [ 0, 0, 1, 1, 1, 1 ] ],
  [ [ 0, 0, 12, 0, 0, 0 ], [ 0, 3, 3, 0, 0, 6 ], [ 1, 1, 2, 2, 2, 4 ], [ 0, 0, 4, 0, 4, 4 ],
      [ 0, 0, 3, 3, 0, 6 ], [ 0, 1, 2, 1, 2, 6 ] ],
  [ [ 0, 0, 0, 6, 0, 0 ], [ 0, 0, 0, 0, 0, 6 ], [ 0, 0, 2, 0, 2, 2 ], [ 1, 0, 0, 1, 0, 4 ],
      [ 0, 0, 3, 0, 0, 3 ], [ 0, 1, 1, 1, 1, 2 ] ],
  [ [ 0, 0, 0, 0, 8, 0 ], [ 0, 0, 0, 0, 2, 6 ], [ 0, 0, 2, 2, 0, 4 ], [ 0, 0, 4, 0, 0, 4 ],
      [ 1, 1, 0, 0, 3, 3 ], [ 0, 1, 2, 1, 1, 3 ] ],
  [ [ 0, 0, 0, 0, 0, 24 ], [ 0, 0, 6, 6, 6, 6 ], [ 0, 2, 4, 2, 4, 12 ], [ 0, 4, 4, 4, 4, 8 ],
      [ 0, 3, 6, 3, 3, 9 ], [ 1, 1, 6, 2, 3, 11 ] ] ]

