 degree:6
 order:100
[ 6, 9, 12, 36, 36 ][ 2, 1, 0, 0, 0, 0, 1, 0, 1, 2 ]

minimal polynomial:[ x-6, x-4, x-2, x-1, x+1, x+4 ]
[ x-9, x-4, x-3, x-1, x+2, x+6 ]
[ x-12, x-7, x-4, x-2, x+1, x+4 ]
[ x-36, x-6, x-4, x-1, x+2, x+12 ]
[ x-36, x-5, x, x+4, x+9 ]
 SITA:
[ [ [ 1, 0, 0, 0, 0, 0 ], [ 0, 1, 0, 0, 0, 0 ], [ 0, 0, 1, 0, 0, 0 ], [ 0, 0, 0, 1, 0, 0 ],
      [ 0, 0, 0, 0, 1, 0 ], [ 0, 0, 0, 0, 0, 1 ] ],
  [ [ 0, 6, 0, 0, 0, 0 ], [ 1, 0, 3, 2, 0, 0 ], [ 0, 2, 0, 0, 0, 4 ], [ 0, 1, 0, 2, 0, 3 ],
      [ 0, 0, 0, 0, 4, 2 ], [ 0, 0, 1, 1, 2, 2 ] ],
  [ [ 0, 0, 9, 0, 0, 0 ], [ 0, 3, 0, 0, 0, 6 ], [ 1, 0, 0, 4, 4, 0 ], [ 0, 0, 3, 0, 0, 6 ],
      [ 0, 0, 1, 0, 4, 4 ], [ 0, 1, 0, 2, 4, 2 ] ],
  [ [ 0, 0, 0, 12, 0, 0 ], [ 0, 2, 0, 4, 0, 6 ], [ 0, 0, 4, 0, 0, 8 ], [ 1, 2, 0, 3, 6, 0 ],
      [ 0, 0, 0, 2, 6, 4 ], [ 0, 1, 2, 0, 4, 5 ] ],
  [ [ 0, 0, 0, 0, 36, 0 ], [ 0, 0, 0, 0, 24, 12 ], [ 0, 0, 4, 0, 16, 16 ], [ 0, 0, 0, 6, 18, 12 ],
      [ 1, 4, 4, 6, 9, 12 ], [ 0, 2, 4, 4, 12, 14 ] ],
  [ [ 0, 0, 0, 0, 0, 36 ], [ 0, 0, 6, 6, 12, 12 ], [ 0, 4, 0, 8, 16, 8 ], [ 0, 3, 6, 0, 12, 15 ],
      [ 0, 2, 4, 4, 12, 14 ], [ 1, 2, 2, 5, 14, 12 ] ] ]
