 degree:6
 order:154
[ 6, 30, 12, 45, 60 ][ 1, 0, 0, 0, 0, 2, 1, 0, 1, 3 ]

minimal polynomial:[ x-6, x-3, x+1, x+4, x^2+2*x-4 ]1
[ x-30, x-10, x-3, x+5, x^2-20 ]
[ x-12, x+2, x^2-10*x+20 ]
[ x-45, x-3, x+1, x+15, x^2-45 ]
[ x-60, x-10, x-4, x+4, x^2+10*x-20 ]

 SITA:
[ [ [ 1, 0, 0, 0, 0, 0 ], [ 0, 1, 0, 0, 0, 0 ], [ 0, 0, 1, 0, 0, 0 ], [ 0, 0, 0, 1, 0, 0 ],
      [ 0, 0, 0, 0, 1, 0 ], [ 0, 0, 0, 0, 0, 1 ] ],
  [ [ 0, 6, 0, 0, 0, 0 ], [ 1, 0, 5, 0, 0, 0 ], [ 0, 1, 0, 0, 3, 2 ], [ 0, 0, 0, 1, 0, 5 ],
      [ 0, 0, 2, 0, 0, 4 ], [ 0, 0, 1, 1, 3, 1 ] ],
  [ [ 0, 0, 30, 0, 0, 0 ], [ 0, 5, 0, 0, 15, 10 ], [ 1, 0, 7, 2, 6, 14 ], [ 0, 0, 5, 0, 15, 10 ],
      [ 0, 2, 4, 4, 12, 8 ], [ 0, 1, 7, 2, 6, 14 ] ],
  [ [ 0, 0, 0, 12, 0, 0 ], [ 0, 0, 0, 2, 0, 10 ], [ 0, 0, 2, 0, 6, 4 ], [ 1, 1, 0, 5, 0, 5 ],
      [ 0, 0, 4, 0, 4, 4 ], [ 0, 1, 2, 1, 3, 5 ] ],
  [ [ 0, 0, 0, 0, 45, 0 ], [ 0, 0, 15, 0, 0, 30 ], [ 0, 3, 6, 6, 18, 12 ], [ 0, 0, 15, 0, 15, 15 ],
      [ 1, 0, 12, 4, 8, 20 ], [ 0, 3, 6, 3, 15, 18 ] ],
  [ [ 0, 0, 0, 0, 0, 60 ], [ 0, 0, 10, 10, 30, 10 ], [ 0, 2, 14, 4, 12, 28 ], [ 0, 5, 10, 5, 15, 25 ],[ 0, 4, 8, 4, 20, 24 ], [ 1, 1, 14, 5, 18, 21 ] ] ]